1e+23  519.448 -27.5006  117.282 0.0247583
9.77237e+22  144.757 -29.4589  120.142 0.0245173
9.54993e+22  84.906 -31.6621  121.104 0.0251111
9.33254e+22  60.4724 -34.1588  121.399 0.0247819
9.12011e+22  47.199 -37.0108  122.673 0.0255931
8.91251e+22  38.8629 -40.2988  121.91 0.0262793
8.70964e+22  33.1427 -44.1301  121.216 0.0255792
8.51138e+22  28.9749 -48.65  119.912 0.0254369
8.31764e+22  25.8039 -54.0611  122.771 0.0247975
8.12831e+22  23.3108 -60.6537  124.005 0.025103
7.94328e+22  21.2998 -68.8599  126.259 0.0254512
7.76247e+22  19.6436 -79.3513  123.286 0.0248913
7.58578e+22  18.2565 -93.2329  124.978 0.0256318
7.4131e+22  17.0779 -112.458  125.8 0.0261236
7.24436e+22  16.0645 -140.84  124.934 0.026305
7.07946e+22  15.184 -186.945  125.568 0.0260905
6.91831e+22  14.412 -274.884  125.895 0.0255211
6.76083e+22  13.7298 -508.753  124.324 0.0264148
6.60693e+22  13.1228 -3017.94  122.112 0.0250951
6.45654e+22  12.5794 790.084  121.716 0.0256422
6.30957e+22  12.0901 353.81  117.917 0.0259341
6.16595e+22  11.6473 229.804  124.482 0.0257716
6.0256e+22  11.2449 171.175  122.757 0.0262756
5.88844e+22  10.8776 137.015  122.669 0.0261711
5.7544e+22  10.5412 114.654  122.995 0.0257781
5.62341e+22  10.2319 98.8844  122.309 0.0260253
5.49541e+22  9.94674 87.1678  122.754 0.0257363
5.37032e+22  9.68299 78.1221  124.089 0.0268386
5.24807e+22  9.43842 70.929  118.37 0.0256407
5.12861e+22  9.21107 65.0738  123.431 0.0264901
5.01187e+22  8.99923 60.216  122.937 0.0265362
4.89779e+22  8.80142 56.1219  124.795 0.0263034
4.7863e+22  8.61634 52.6253  120.483 0.0268147
4.67735e+22  8.44283 49.6051  123.36 0.0262731
4.57088e+22  8.2799 46.9708  123.119 0.0275704
4.46684e+22  8.12664 44.6534  125.148 0.0259847
4.36516e+22  7.98226 42.5995  117.687 0.0272716
4.2658e+22  7.84603 40.7671  122.594 0.0269149
4.16869e+22  7.71732 39.1225  121.851 0.026582
4.0738e+22  7.59555 37.6387  121.274 0.0268186
3.98107e+22  7.48022 36.2935  122.163 0.0265417
3.89045e+22  7.37084 35.0687  127.096 0.0258867
3.80189e+22  7.267 33.9491  124.93 0.0266845
3.71535e+22  7.16831 32.922  121.933 0.0266122
3.63078e+22  7.07443 31.9766  118.802 0.0263186
3.54813e+22  6.98502 31.1037  123.292 0.0265096
3.46737e+22  6.89981 30.2955  122.936 0.0262069
3.38844e+22  6.81853 29.5453  125.71 0.026571
3.31131e+22  6.74092 28.8472  120.002 0.0267937
3.23594e+22  6.66677 28.1962  122.239 0.0268099
3.16228e+22  6.59586 27.5877  123.435 0.027245
3.0903e+22  6.52801 27.018  121.82 0.0273832
3.01995e+22  6.46304 26.4835  123.141 0.0274675
2.95121e+22  6.40079 25.9812  121.986 0.0271733
2.88403e+22  6.3411 25.5084  122.687 0.0281495
2.81838e+22  6.28384 25.0627  118.486 0.0268837
2.75423e+22  6.22887 24.642  122.754 0.0269636
2.69153e+22  6.17607 24.2442  120.765 0.027374
2.63027e+22  6.12533 23.8678  120.863 0.0269618
2.5704e+22  6.07655 23.511  126.078 0.0267325
2.51189e+22  6.02962 23.1725  118.809 0.027279
2.45471e+22  5.98445 22.851  122.622 0.0273716
2.39883e+22  5.94096 22.5453  118.484 0.0277213
2.34423e+22  5.89907 22.2544  124.144 0.0275426
2.29087e+22  5.8587 21.9772  121.969 0.0277499
2.23872e+22  5.81978 21.713  120.642 0.027228
2.18776e+22  5.78224 21.4608  119.667 0.027542
2.13796e+22  5.74602 21.22  124.295 0.0278275
2.0893e+22  5.71106 20.9898  120.842 0.0285689
2.04174e+22  5.6773 20.7696  122.591 0.0281149
1.99526e+22  5.6447 20.5589  120.233 0.0279943
1.94984e+22  5.61319 20.357  119.165 0.0275796
1.90546e+22  5.58275 20.1636  120.134 0.0281615
1.86209e+22  5.55331 19.978  120.212 0.0281084
1.8197e+22  5.52484 19.8  121.087 0.0273319
1.77828e+22  5.4973 19.629  123.624 0.0288689
1.7378e+22  5.47065 19.4648  121.58 0.0286236
1.69824e+22  5.44486 19.3069  121.234 0.0279887
1.65959e+22  5.41989 19.1551  125.297 0.0279349
1.62181e+22  5.3957 19.0091  123.701 0.0286192
1.58489e+22  5.37227 18.8684  123.878 0.0280772
1.54882e+22  5.34958 18.733  120.992 0.0282842
1.51356e+22  5.32758 18.6026  124.058 0.0278303
1.47911e+22  5.30626 18.4768  122.522 0.0280885
1.44544e+22  5.28559 18.3556  123.646 0.0291428
1.41254e+22  5.26554 18.2386  122.963 0.0285862
1.38038e+22  5.2461 18.1257  121.09 0.0271268
1.34896e+22  5.22724 18.0167  122.327 0.0281228
1.31826e+22  5.20893 17.9115  123.65 0.0283508
1.28825e+22  5.19117 17.8099  121.352 0.0288201
1.25893e+22  5.17393 17.7116  120.701 0.0284969
1.23027e+22  5.15719 17.6167  124.703 0.0292675
1.20226e+22  5.14094 17.5249  123.149 0.0287456
1.1749e+22  5.12515 17.4361  120.148 0.0286488
1.14815e+22  5.10982 17.3502  120.204 0.0290843
1.12202e+22  5.09493 17.267  121.963 0.028328
1.09648e+22  5.08045 17.1865  122.393 0.0290394
1.07152e+22  5.06639 17.1086  120.54 0.0285587
1.04713e+22  5.05272 17.0331  121.416 0.0289692
1.02329e+22  5.03944 16.96  123.263 0.0293573
1e+22  5.02652 16.8892  120.924 0.0303083
9.77237e+21  5.01396 16.8205  118.842 0.02937
9.54993e+21  5.00175 16.7539  119.884 0.029716
9.33254e+21  4.98987 16.6894  119.534 0.0294439
9.12011e+21  4.97832 16.6268  125.566 0.0294922
8.91251e+21  4.96708 16.566  124.952 0.0303013
8.70964e+21  4.95615 16.5071  120.318 0.0300243
8.51138e+21  4.94551 16.45  124.41 0.0309979
8.31764e+21  4.93516 16.3945  125.284 0.0291771
8.12831e+21  4.92509 16.3406  121.173 0.0303047
7.94328e+21  4.91528 16.2883  124.742 0.031008
7.76247e+21  4.90574 16.2375  123.225 0.0295731
7.58578e+21  4.89644 16.1882  124.083 0.0299914
7.4131e+21  4.8874 16.1403  121.696 0.0295839
7.24436e+21  4.87859 16.0938  117.915 0.0296598
7.07946e+21  4.87001 16.0485  118.917 0.0293914
6.91831e+21  4.86166 16.0046  122.036 0.0308144
6.76083e+21  4.85353 15.9619  122.354 0.0295399
6.60693e+21  4.8456 15.9203  120.11 0.0301458
6.45654e+21  4.83789 15.88  122.869 0.0297201
6.30957e+21  4.83037 15.8407  121.958 0.0293971
6.16595e+21  4.82304 15.8025  121.658 0.0299213
6.0256e+21  4.81591 15.7654  122.329 0.030219
5.88844e+21  4.80895 15.7293  121.668 0.0297586
5.7544e+21  4.80218 15.6941  117.709 0.0300615
5.62341e+21  4.79557 15.6599  119.029 0.0311604
5.49541e+21  4.78914 15.6267  118.454 0.0310656
5.37032e+21  4.78287 15.5943  120.803 0.0302225
5.24807e+21  4.77675 15.5628  120.893 0.0307323
5.12861e+21  4.77079 15.5321  122.547 0.0307416
5.01187e+21  4.76498 15.5023  122.513 0.0305866
4.89779e+21  4.75932 15.4732  123.479 0.0307638
4.7863e+21  4.7538 15.4449  126.988 0.03038
4.67735e+21  4.74841 15.4174  120.214 0.0311855
4.57088e+21  4.74316 15.3906  122.334 0.0302463
4.46684e+21  4.73804 15.3644  121.556 0.0313537
4.36516e+21  4.73305 15.339  124.35 0.0299263
4.2658e+21  4.72819 15.3142  120.947 0.0301174
4.16869e+21  4.72344 15.2901  121.45 0.0299578
4.0738e+21  4.71881 15.2665  124.118 0.0310414
3.98107e+21  4.71429 15.2436  119.461 0.0304985
3.89045e+21  4.70989 15.2213  118.825 0.0315867
3.80189e+21  4.70559 15.1995  123.537 0.0307772
3.71535e+21  4.7014 15.1783  121.663 0.0304766
3.63078e+21  4.69731 15.1577  121.437 0.0311741
3.54813e+21  4.69332 15.1375  123.43 0.0309915
3.46737e+21  4.68943 15.1179  123.434 0.0311963
3.38844e+21  4.68564 15.0988  122.896 0.0310594
3.31131e+21  4.68193 15.0801  124.012 0.0314374
3.23594e+21  4.67832 15.0619  123.802 0.0308635
3.16228e+21  4.67479 15.0442  118.58 0.0315221
3.0903e+21  4.67135 15.0269  122.265 0.0318073
3.01995e+21  4.66799 15.0101  122.472 0.0316444
2.95121e+21  4.66471 14.9937  124.48 0.0324792
2.88403e+21  4.66152 14.9776  120.08 0.0321276
2.81838e+21  4.6584 14.962  122.147 0.032207
2.75423e+21  4.65535 14.9468  122.301 0.0322808
2.69153e+21  4.65238 14.9319  123.514 0.0317632
2.63027e+21  4.64948 14.9174  119.168 0.0328885
2.5704e+21  4.64665 14.9033  126.103 0.0319487
2.51189e+21  4.64388 14.8895  119.407 0.0321276
2.45471e+21  4.64118 14.8761  121.404 0.030976
2.39883e+21  4.63855 14.8629  125.704 0.0317462
2.34423e+21  4.63598 14.8501  121.967 0.0309338
2.29087e+21  4.63347 14.8377  119.043 0.0315213
2.23872e+21  4.63102 14.8255  124.303 0.0321421
2.18776e+21  4.62863 14.8136  123.814 0.0326348
2.13796e+21  4.6263 14.802  122.425 0.0330602
2.0893e+21  4.62402 14.7907  123.076 0.0324846
2.04174e+21  4.62179 14.7796  122.021 0.0325073
1.99526e+21  4.61962 14.7689  121.351 0.0319482
1.94984e+21  4.6175 14.7584  121.572 0.0318402
1.90546e+21  4.61543 14.7481  125.975 0.032464
1.86209e+21  4.61341 14.7381  121.802 0.0322276
1.8197e+21  4.61143 14.7283  122.743 0.0325645
1.77828e+21  4.6095 14.7188  119.073 0.0326804
1.7378e+21  4.60762 14.7095  121.307 0.0335311
1.69824e+21  4.60578 14.7004  121.331 0.0331221
1.65959e+21  4.60399 14.6915  119.241 0.0326981
1.62181e+21  4.60224 14.6829  122.779 0.0325763
1.58489e+21  4.60053 14.6744  119.902 0.0326714
1.54882e+21  4.59886 14.6662  119.806 0.0332834
1.51356e+21  4.59722 14.6581  123.871 0.0322025
1.47911e+21  4.59563 14.6503  123.249 0.0326794
1.44544e+21  4.59407 14.6426  123.454 0.0340954
1.41254e+21  4.59256 14.6351  122.669 0.0330134
1.38038e+21  4.59107 14.6278  121.73 0.0336272
1.34896e+21  4.58962 14.6207  120.725 0.0341227
1.31826e+21  4.58821 14.6137  125.483 0.0331903
1.28825e+21  4.58682 14.6069  119.499 0.034821
1.25893e+21  4.58547 14.6003  122.326 0.0335755
1.23027e+21  4.58415 14.5938  124.433 0.0341764
1.20226e+21  4.58287 14.5875  124.315 0.0334847
1.1749e+21  4.58161 14.5813  123.513 0.0338775
1.14815e+21  4.58038 14.5752  123.981 0.0336153
1.12202e+21  4.57918 14.5693  122.302 0.0345392
1.09648e+21  4.57801 14.5636  122.488 0.0342704
1.07152e+21  4.57686 14.558  122.922 0.0340318
1.04713e+21  4.57575 14.5525  120.089 0.0341655
1.02329e+21  4.57465 14.5471  122.745 0.0333303
1e+21  4.57359 14.5419  121.059 0.0339772
9.77237e+20  4.57254 14.5368  119.671 0.0344389
9.54993e+20  4.57153 14.5318  122.544 0.0329121
9.33254e+20  4.57053 14.5269  123.998 0.0343161
9.12011e+20  4.56956 14.5222  119.096 0.0346333
8.91251e+20  4.56861 14.5175  120.463 0.034992
8.70964e+20  4.56769 14.513  123.368 0.0346649
8.51138e+20  4.56678 14.5085  122.186 0.0347458
8.31764e+20  4.5659 14.5042  123.556 0.0352765
8.12831e+20  4.56503 14.5  125.159 0.0341481
7.94328e+20  4.56419 14.4958  120.595 0.0340883
7.76247e+20  4.56336 14.4918  123.456 0.0360699
7.58578e+20  4.56256 14.4879  121.356 0.0348426
7.4131e+20  4.56177 14.484  119.565 0.0360819
7.24436e+20  4.561 14.4803  122.657 0.0348974
7.07946e+20  4.56025 14.4766  120.78 0.0351617
6.91831e+20  4.55952 14.473  121.243 0.0358879
6.76083e+20  4.5588 14.4695  122.24 0.0344355
6.60693e+20  4.5581 14.4661  122.876 0.0350808
6.45654e+20  4.55742 14.4628  122.247 0.0351762
6.30957e+20  4.55675 14.4595  123.204 0.0365755
6.16595e+20  4.5561 14.4563  121.109 0.0370129
6.0256e+20  4.55546 14.4532  126.752 0.0361145
5.88844e+20  4.55484 14.4501  120.981 0.0361043
5.7544e+20  4.55423 14.4472  121.431 0.0359779
5.62341e+20  4.55363 14.4443  122.7 0.0368477
5.49541e+20  4.55305 14.4414  118.909 0.0359758
5.37032e+20  4.55248 14.4387  121.324 0.0365501
5.24807e+20  4.55193 14.436  121.384 0.0366564
5.12861e+20  4.55139 14.4333  121.242 0.0362568
5.01187e+20  4.55086 14.4307  125.549 0.0362564
4.89779e+20  4.55034 14.4282  119.022 0.0361183
4.7863e+20  4.54984 14.4257  122.951 0.0368136
4.67735e+20  4.54934 14.4233  124.314 0.036755
4.57088e+20  4.54886 14.421  124.269 0.0384297
4.46684e+20  4.54839 14.4187  126.032 0.0374651
4.36516e+20  4.54793 14.4164  120.354 0.0363941
4.2658e+20  4.54748 14.2875  124.069 0.0369908
4.16869e+20  4.54704 13.6603  121.535 0.0372957
4.0738e+20  4.54661 13.0984  120.891 0.0361457
3.98107e+20  4.54619 12.5922  121.855 0.0372816
3.89045e+20  4.54578 12.1339  125.488 0.0368414
3.80189e+20  4.54538 11.7172  118.481 0.0371671
3.71535e+20  4.54499 11.3367  120.649 0.0374616
3.63078e+20  4.54461 10.9881  121.402 0.0376279
3.54813e+20  4.54423 10.6674  125.02 0.037743
3.46737e+20  4.54387 10.3717  126.074 0.0378572
3.38844e+20  4.54351 10.0981  124.308 0.0381727
3.31131e+20  4.54316 9.84434  122.673 0.0377906
3.23594e+20  4.54282 9.60838  120.25 0.0371223
3.16228e+20  4.54249 9.38847  123.005 0.037468
3.0903e+20  4.54216 9.18307  122.117 0.0377347
3.01995e+20  4.54185 8.99086  123.745 0.0382837
2.95121e+20  4.54154 8.81063  119.684 0.0389183
2.88403e+20  4.54123 8.64136  122.521 0.0376864
2.81838e+20  4.54094 8.4821  126.023 0.0381742
2.75423e+20  4.54065 8.33204  124.225 0.0388159
2.69153e+20  4.54036 8.19044  122.747 0.0375768
2.63027e+20  4.54009 8.05664  122.779 0.0370502
2.5704e+20  4.53982 7.93004  124.663 0.038971
2.51189e+20  4.53955 7.81011  121.489 0.0391069
2.45471e+20  4.53929 7.69636  121.144 0.0388837
2.39883e+20  4.53904 7.58835  120.741 0.0401847
2.34423e+20  4.5388 7.4857  126.423 0.0386309
2.29087e+20  4.53856 7.38803  120.789 0.0391322
2.23872e+20  4.53832 7.29501  120.723 0.0386898
2.18776e+20  4.46285 7.20635  122.886 0.0393927
2.13796e+20  4.37458 7.12176  122.143 0.0391527
2.0893e+20  4.29163 7.04099  120.633 0.0397299
2.04174e+20  4.21355 6.96382  121.976 0.0382394
1.99526e+20  4.13994 6.89001  120.97 0.0400246
1.94984e+20  4.07045 6.81939  125.368 0.0390164
1.90546e+20  4.00476 6.75175  121.671 0.038662
1.86209e+20  3.94259 6.68694  121.089 0.0396905
1.8197e+20  3.88366 6.6248  120.21 0.0383203
1.77828e+20  3.82776 6.56517  120.667 0.0396351
1.7378e+20  3.77466 6.50793  120.26 0.0406099
1.69824e+20  3.72417 6.45295  120.087 0.0399715
1.65959e+20  3.67612 6.40011  119.695 0.0398952
1.62181e+20  3.63035 6.34931  125.083 0.0399272
1.58489e+20  3.58671 6.30043  119.468 0.0403584
1.54882e+20  3.54506 6.25339  119.153 0.0414949
1.51356e+20  3.50528 6.20809  120.753 0.0411168
1.47911e+20  3.46726 6.16445  121.939 0.0403411
1.44544e+20  3.4309 6.1224  125.005 0.040354
1.41254e+20  3.39609 6.08185  122.464 0.0408408
1.38038e+20  3.36276 6.04274  122.47 0.0418274
1.34896e+20  3.3308 6.005  121.83 0.0417975
1.31826e+20  3.30016 5.96858  123.515 0.0405335
1.28825e+20  3.27075 5.93341  127.736 0.0408567
1.25893e+20  3.24252 5.84529  121.288 0.0406629
1.23027e+20  3.21539 5.67025  123.086 0.0415477
1.20226e+20  3.18932 5.50902  121.164 0.0423548
1.1749e+20  3.16424 5.36009  122.419 0.042039
1.14815e+20  3.14012 5.22213  120.473 0.0408387
1.12202e+20  3.11689 5.094  122.358 0.0413244
1.09648e+20  3.09453 4.97471  121.958 0.0410842
1.07152e+20  3.07298 4.86342  123.959 0.0418902
1.04713e+20  3.05221 4.75938  121.092 0.0408936
1.02329e+20  3.03218 4.66191  122.521 0.0427678
1e+20  3.01286 4.57044  124.741 0.0421476
9.77237e+19  2.99421 4.48446  121.796 0.0415424
9.54993e+19  2.97622 4.4035  120.083 0.0428896
9.33254e+19  2.95884 4.32716  123.184 0.0424833
9.12011e+19  2.94205 4.25507  122.16 0.0421
8.91251e+19  2.92582 4.18691  119.766 0.042853
8.70964e+19  2.91014 4.12238  121.394 0.041522
8.51138e+19  2.89497 4.06121  119.154 0.0425971
8.31764e+19  2.88031 4.00316  119.691 0.0420146
8.12831e+19  2.86612 3.94801  126.023 0.0424085
7.94328e+19  2.85238 3.89556  121.958 0.0426796
7.76247e+19  2.83909 3.84564  123.747 0.0432652
7.58578e+19  2.82622 3.79808  120.685 0.0427717
7.4131e+19  2.81375 3.75272  119.222 0.0445819
7.24436e+19  2.80167 3.70943  120.832 0.0419398
7.07946e+19  2.79093 3.66808  121.122 0.0427769
6.91831e+19  2.79093 3.62855  124.952 0.0450924
6.76083e+19  2.79093 3.59073  120.696 0.0436036
6.60693e+19  2.79093 3.55453  123.496 0.0421632
6.45654e+19  2.79093 3.51986  120.024 0.0431424
6.30957e+19  2.79093 3.48661  122.091 0.0440896
6.16595e+19  2.79093 3.45473  123.225 0.0432859
6.0256e+19  2.79093 3.42413  122.734 0.0444285
5.88844e+19  2.79093 3.33139  123.414 0.0446962
5.7544e+19  2.79093 3.13469  121.119 0.0439558
5.62341e+19  2.79093 2.96368  122.173 0.0451431
5.49541e+19  2.79093 2.81368  120.428 0.0433152
5.37032e+19  2.79093 2.68107  123.51 0.0450631
5.24807e+19  2.79093 2.56302  123.899 0.0455496
5.12861e+19  2.79093 2.45729  126.979 0.0446062
5.01187e+19  2.79093 2.36207  121.255 0.0452889
4.89779e+19  2.79093 2.27589  125.169 0.0441331
4.7863e+19  2.79093 2.19753  120.213 0.0443329
4.67735e+19  2.79093 2.126  119.769 0.0459164
4.57088e+19  2.79093 2.06046  125.84 0.0461313
4.46684e+19  2.79093 2.0002  123.529 0.0458681
4.36516e+19  2.79093 1.94462  123.984 0.0456074
4.2658e+19  2.79093 1.89321  124.759 0.045752
4.16869e+19  2.79093 1.84554  123.193 0.0458271
4.0738e+19  2.79093 1.80121  123.624 0.0464837
3.98107e+19  2.79093 1.7599  123.703 0.04694
3.89045e+19  2.79093 1.72132  123.085 0.0455106
3.80189e+19  2.79093 1.68522  122.318 0.0436569
3.71535e+19  2.79093 1.65138  123.648 0.046057
3.63078e+19  2.79093 1.61959  123.355 0.0468326
3.54813e+19  2.79093 1.58969  120.846 0.0461888
3.46737e+19  2.79093 1.56151  120.503 0.0469058
3.38844e+19  2.79093 1.53493  123.444 0.0466736
3.31131e+19  2.79093 1.50981  121.723 0.0468565
3.23594e+19  2.79093 1.48605  118.02 0.0472131
3.16228e+19  2.79093 1.46353  123.242 0.0470511
3.0903e+19  2.79093 1.44218  123.175 0.0466966
3.01995e+19  2.79093 1.42191  124.027 0.0468889
2.95121e+19  2.79093 1.40264  121.892 0.0478761
2.88403e+19  2.79093 1.38431  120.475 0.0482124
2.81838e+19  2.79093 1.36686  119.073 0.0487709
2.75423e+19  2.79093 1.35022  120.197 0.0475422
2.69153e+19  2.79093 1.33435  123.67 0.048233
2.63027e+19  2.79093 1.31919  123.593 0.0478669
2.5704e+19  2.79093 1.30471  122.186 0.0484658
2.51189e+19  2.79093 1.29086  120.55 0.0479921
2.45471e+19  2.79093 1.27761  120.508 0.0485676
2.39883e+19  2.79093 1.26492  127.252 0.0496351
2.34423e+19  2.79093 1.25276  119.945 0.0488376
2.29087e+19  2.79093 1.2411  124.244 0.0486467
2.23872e+19  2.79093 1.22991  123.764 0.0495511
2.18776e+19  2.79093 1.21918  124.114 0.0489617
2.13796e+19  2.79093 1.20886  121.555 0.0492033
2.0893e+19  2.79093 1.19895  122.448 0.0478429
2.04174e+19  2.79093 1.18942  122.836 0.0485545
1.99526e+19  2.79093 1.18025  121.842 0.0491428
1.94984e+19  2.79093 1.17143  124.004 0.05012
1.90546e+19  2.71655 1.16293  124.009 0.0494575
1.86209e+19  2.62261 1.15474  121.681 0.0497141
1.8197e+19  2.53688 1.14686  124.24 0.0507049
1.77828e+19  2.45835 1.13925  120.055 0.0493276
1.7378e+19  2.38616 1.13192  122.153 0.0503526
1.69824e+19  2.3196 1.12484  123.407 0.0502085
1.65959e+19  2.25805 1.11801  119.739 0.0499748
1.62181e+19  2.20098 1.11141  122.985 0.0516189
1.58489e+19  2.14792 1.10504  121.884 0.0485848
1.54882e+19  2.09849 1.09888  120.893 0.0508363
1.51356e+19  2.05233 1.09293  120.985 0.051071
1.47911e+19  2.00914 1.08718  123.006 0.0510654
1.44544e+19  1.96866 1.08162  124.877 0.0514111
1.41254e+19  1.93064 1.07623  124.092 0.0507552
1.38038e+19  1.89488 1.07102  122.325 0.0523305
1.34896e+19  1.86119 1.06598  124.432 0.051646
1.31826e+19  1.82941 1.0611  122.366 0.0512232
1.28825e+19  1.79938 1.05638  124.634 0.0518647
1.25893e+19  1.77097 1.0518  122.778 0.0521789
1.23027e+19  1.74407 1.04736  120.546 0.0521023
1.20226e+19  1.71855 1.04306  121.008 0.0532126
1.1749e+19  1.69432 1.03889  121.468 0.0536981
1.14815e+19  1.6713 1.03485  121.867 0.0521605
1.12202e+19  1.6494 1.03094  120.643 0.0535717
1.09648e+19  1.62854 1.02713  122.026 0.0523359
1.07152e+19  1.60867 1.02345  121.014 0.053278
1.04713e+19  1.58971 1.01987  123.629 0.0530612
1.02329e+19  1.5716 1.0164  123.923 0.0550962
1e+19  1.5543 1.01303  125.451 0.0546987
9.77237e+18  1.53776 1.00976  122.675 0.0535901
9.54993e+18  1.52194 1.00658  119.392 0.0540344
9.33254e+18  1.50678 1.00349  120.078 0.0531351
9.12011e+18  1.49226 1.0005  120.473 0.0540255
8.91251e+18  1.47834 0.997583  124.083 0.0533779
8.70964e+18  1.46498 0.994754  122.929 0.0544679
8.51138e+18  1.45216 0.992005  122.924 0.0540515
8.31764e+18  1.43985 0.989333  122.764 0.05524
8.12831e+18  1.42801 0.986735  125.047 0.0548424
7.94328e+18  1.41663 0.98421  123.968 0.0554206
7.76247e+18  1.40569 0.981755  122.568 0.0553226
7.58578e+18  1.39515 0.979368  120.086 0.0548443
7.4131e+18  1.38501 0.977046  120.521 0.0567976
7.24436e+18  1.37524 0.974787  122.198 0.0554691
7.07946e+18  1.36582 0.97259  120.748 0.0549313
6.91831e+18  1.35674 0.970453  123.506 0.0575557
6.76083e+18  1.34799 0.968373  122.926 0.0571731
6.60693e+18  1.33954 0.966349  122.673 0.0558784
6.45654e+18  1.33139 0.96438  123.063 0.0571147
6.30957e+18  1.32351 0.962463  124.695 0.0559728
6.16595e+18  1.31591 0.960597  121.745 0.0564576
6.0256e+18  1.30856 0.95878  122.733 0.0576162
5.88844e+18  1.30146 0.957012  122.004 0.0584076
5.7544e+18  1.2946 0.95529  123.383 0.0571567
5.62341e+18  0.870781 0.948679  119.568 0.0570594
5.49541e+18  0.595051 0.875569  120.893 0.0574289
5.37032e+18  0.454432 0.814248  123.37 0.0575682
5.24807e+18  0.369176 0.762089  123.506 0.058028
5.12861e+18  0.311979 0.717193  122.288 0.0585343
5.01187e+18  0.270954 0.678152  122.557 0.0575032
4.89779e+18  0.2401 0.643898  123.255 0.059327
4.7863e+18  0.216058 0.61361  125.022 0.0583661
4.67735e+18  0.1968 0.586643  121.154 0.058728
4.57088e+18  0.181031 0.562485  122.487 0.0587715
4.46684e+18  0.167885 0.540726  123.095 0.059832
4.36516e+18  0.156761 0.521028  121.418 0.0583559
4.2658e+18  0.147228 0.503118  124.778 0.0596971
4.16869e+18  0.138969 0.486767  120.301 0.0579714
4.0738e+18  0.131746 0.471783  120.803 0.0585854
3.98107e+18  0.125379 0.458005  123.637 0.0604248
3.89045e+18  0.119724 0.445297  124.538 0.0605029
3.80189e+18  0.11467 0.433541  120.793 0.059605
3.71535e+18  0.110126 0.422638  122.874 0.0629035
3.63078e+18  0.106021 0.4125  123.664 0.0597841
3.54813e+18  0.102295 0.403052  123.012 0.0612422
3.46737e+18  0.0988984 0.394227  124.833 0.0616411
3.38844e+18  0.0957901 0.38597  123.643 0.0625099
3.31131e+18  0.0929356 0.378227  123.905 0.0627034
3.23594e+18  0.0903058 0.370956  122.069 0.0641367
3.16228e+18  0.0878758 0.364114  121.907 0.0621606
3.0903e+18  0.0856243 0.357669  121.441 0.0630832
3.01995e+18  0.0835327 0.351586  119.124 0.0633972
2.95121e+18  0.0815851 0.345839  124.308 0.0646796
2.88403e+18  0.0797677 0.340401  121.823 0.0619804
2.81838e+18  0.0780682 0.335249  121.962 0.0642961
2.75423e+18  0.0764759 0.330364  120.588 0.0636913
2.69153e+18  0.0749814 0.325725  124.545 0.0649792
2.63027e+18  0.0735763 0.321316  122.997 0.0640673
2.5704e+18  0.0722531 0.317121  124.177 0.0635794
2.51189e+18  0.0710053 0.313126  124.216 0.0629254
2.45471e+18  0.0698268 0.309318  123.248 0.0650491
2.39883e+18  0.0687123 0.305685  123.117 0.0645183
2.34423e+18  0.067657 0.302217  122.71 0.066327
2.29087e+18  0.0666566 0.298902  121.895 0.0668129
2.23872e+18  0.0657071 0.295733  124.557 0.066396
2.18776e+18  0.0648051 0.2927  121.805 0.0651568
2.13796e+18  0.0639471 0.289795  124.996 0.0662637
2.0893e+18  0.0631304 0.287012  120.618 0.0663108
2.04174e+18  0.0623522 0.284343  120.817 0.0662122
1.99526e+18  0.06161 0.281783  124.813 0.0678947
1.94984e+18  0.0609015 0.279324  122.015 0.0665901
1.90546e+18  0.0602248 0.276963  120.704 0.0662489
1.86209e+18  0.0595778 0.274694  123.126 0.0685069
1.8197e+18  0.0589589 0.272513  121.478 0.0671385
1.77828e+18  0.0583663 0.270414  123.188 0.0670409
1.7378e+18  0.0577986 0.268394  122.667 0.0660607
1.69824e+18  0.0572544 0.266449  124.268 0.068916
1.65959e+18  0.0567325 0.264575  121.527 0.0673821
1.62181e+18  0.0562315 0.262769  123.228 0.0688995
1.58489e+18  0.0557504 0.261028  123.313 0.0690162
1.54882e+18  0.0552881 0.259349  120.706 0.0695993
1.51356e+18  0.0548437 0.257728  120.937 0.0708787
1.47911e+18  0.0544162 0.256164  123.092 0.0696353
1.44544e+18  0.0540049 0.254654  122.411 0.0694466
1.41254e+18  0.0536089 0.253195  121.685 0.071719
1.38038e+18  0.0532275 0.251786  122.742 0.0721432
1.34896e+18  0.05286 0.250423  121.465 0.0710841
1.31826e+18  0.0525057 0.249106  121.503 0.0704005
1.28825e+18  0.052164 0.247833  123.326 0.0719338
1.25893e+18  0.0518344 0.2466  124.491 0.0734503
1.23027e+18  0.0515163 0.245408  121.851 0.0712631
1.20226e+18  0.0512092 0.244254  119.771 0.072943
1.1749e+18  0.0509126 0.243136  122.657 0.0738285
1.14815e+18  0.050626 0.242054  122.589 0.0719989
1.12202e+18  0.0503491 0.241005  123.934 0.0716397
1.09648e+18  0.0500813 0.23999  123.169 0.0757442
1.07152e+18  0.0498224 0.239005  119.358 0.0745271
1.04713e+18  0.049572 0.238051  121.655 0.0748607
1.02329e+18  0.0493297 0.237126  122.685 0.0751964
1e+18  0.0490952 0.236229  123.458 0.075115
9.77237e+17  0.0488682 0.235359  123.481 0.0751909
9.54993e+17  0.0486483 0.234514  123.444 0.076228
9.33254e+17  0.0484354 0.233695  122.176 0.0773847
9.12011e+17  0.0482291 0.2329  121.785 0.076026
8.91251e+17  0.0480292 0.232128  121.833 0.0775519
8.70964e+17  0.0478354 0.231379  122.272 0.0780925
8.51138e+17  0.0476476 0.230652  121.329 0.0756565
8.31764e+17  0.0474654 0.229945  120.327 0.0776292
8.12831e+17  0.0472887 0.229259  121.956 0.0764049
7.94328e+17  0.0471174 0.228592  124.199 0.0776867
7.76247e+17  0.0469511 0.227944  122.055 0.0782202
7.58578e+17  0.0467897 0.227315  123.723 0.0779599
7.4131e+17  0.0466331 0.226703  120.886 0.0796377
7.24436e+17  0.046481 0.226108  122.849 0.0784262
7.07946e+17  0.0463334 0.22553  125.584 0.0795051
6.91831e+17  0.04619 0.224968  121.134 0.0803749
6.76083e+17  0.0460508 0.224421  124.272 0.0806958
6.60693e+17  0.0459155 0.223889  119.362 0.0813962
6.45654e+17  0.0457841 0.223372  121.228 0.0817032
6.30957e+17  0.0456564 0.222869  122.45 0.0804804
6.16595e+17  0.0455322 0.22238  120.469 0.0831691
6.0256e+17  0.0454116 0.221903  123.973 0.0816512
5.88844e+17  0.0452943 0.22144  121.727 0.0830331
5.7544e+17  0.0451803 0.220989  121.298 0.0809925
5.62341e+17  0.0450694 0.22055  122.46 0.0834221
5.49541e+17  0.0449616 0.220123  122.664 0.080395
5.37032e+17  0.0448567 0.219707  122.114 0.0859327
5.24807e+17  0.0447547 0.219302  123.155 0.0848043
5.12861e+17  0.0446554 0.218907  120.366 0.0849889
5.01187e+17  0.0445589 0.218523  119.131 0.0844888
4.89779e+17  0.0444649 0.218149  120.026 0.0871609
4.7863e+17  0.0443734 0.217785  122.676 0.088118
4.67735e+17  0.0442844 0.21743  123.97 0.0853021
4.57088e+17  0.0441978 0.217085  121.367 0.0916659
4.46684e+17  0.0441135 0.216748  126.927 0.0862683
4.36516e+17  0.0440314 0.21642  121.28 0.0877691
4.2658e+17  0.0439514 0.216101  122.284 0.0862916
4.16869e+17  0.0438736 0.18482  123.371 0.0897104
4.0738e+17  0.0437978 0.159036  120.415 0.087051
3.98107e+17  0.043724 0.139955  122.064 0.0873738
3.89045e+17  0.0436521 0.125268  124.515 0.0890526
3.80189e+17  0.043582 0.113616  121.36 0.0892323
3.71535e+17  0.0435138 0.104149  120.998 0.0884133
3.63078e+17  0.0434473 0.0963074  124.164 0.0872528
3.54813e+17  0.0433826 0.0897066  122.122 0.0926923
3.46737e+17  0.0433195 0.0840754  123.148 0.0914575
3.38844e+17  0.043258 0.0792159  123.553 0.0902918
3.31131e+17  0.0431981 0.0749807  123.58 0.0916285
3.23594e+17  0.0431397 0.0712577  121.638 0.0926308
3.16228e+17  0.0430828 0.0679601  120.912 0.0927021
3.0903e+17  0.0430273 0.0650197  121.672 0.0951242
3.01995e+17  0.0429732 0.0623821  122.083 0.094327
2.95121e+17  0.0429205 0.0600033  120.77 0.0962444
2.88403e+17  0.0428691 0.0578477  123.227 0.0955396
2.81838e+17  0.042819 0.0558857  121.822 0.0921167
2.75423e+17  0.0427702 0.0540928  123.309 0.0953971
2.69153e+17  0.0427226 0.0524485  120.62 0.0994739
2.63027e+17  0.0426761 0.0509354  124.581 0.0976166
2.5704e+17  0.0426309 0.0495388  123.316 0.0959278
2.51189e+17  0.0425867 0.0482461  122.646 0.0996696
2.45471e+17  0.0425436 0.0470463  121.638 0.100936
2.39883e+17  0.0425016 0.0459301  121.233 0.100539
2.34423e+17  0.0424607 0.0448894  126.418 0.10164
2.29087e+17  0.0424207 0.0439169  122.982 0.100672
2.23872e+17  0.0423817 0.0430064  122.484 0.100635
2.18776e+17  0.0423437 0.0421524  121.363 0.101073
2.13796e+17  0.0423066 0.0413499  125.051 0.102207
2.0893e+17  0.0422705 0.0405948  121.04 0.102575
2.04174e+17  0.0422352 0.0398829  121.486 0.101719
1.99526e+17  0.0422007 0.039211  123.027 0.105543
1.94984e+17  0.0421671 0.0385759  123.005 0.10483
1.90546e+17  0.0421343 0.0379749  121.01 0.102908
1.86209e+17  0.0421024 0.0374053  122.301 0.105494
1.8197e+17  0.0420711 0.036865  122.469 0.10634
1.77828e+17  0.0420407 0.0363518  121.321 0.107248
1.7378e+17  0.042011 0.035864  120.898 0.10648
1.69824e+17  0.041982 0.0353997  122.35 0.107056
1.65959e+17  0.0419537 0.0349575  122.298 0.107077
1.62181e+17  0.041926 0.0345359  121.3 0.107661
1.58489e+17  0.0418991 0.0341335  121.689 0.107143
1.54882e+17  0.0418728 0.0337493  121.712 0.108538
1.51356e+17  0.0418471 0.0333822  120.955 0.107558
1.47911e+17  0.041822 0.033031  121.838 0.112443
1.44544e+17  0.0417976 0.0326948  118.591 0.110467
1.41254e+17  0.0417737 0.0323729  123.612 0.112285
1.38038e+17  0.0417504 0.0320643  124.405 0.114045
1.34896e+17  0.0417276 0.0317685  124.271 0.114584
1.31826e+17  0.0417054 0.0314845  122.525 0.11669
1.28825e+17  0.0416837 0.0312119  122.24 0.114382
1.25893e+17  0.0416625 0.0309501  121.673 0.119494
1.23027e+17  0.0416419 0.0306984  127.694 0.116345
1.20226e+17  0.0416217 0.0304563  119.581 0.113466
1.1749e+17  0.041602 0.0302234  122.591 0.117057
1.14815e+17  0.0415828 0.0299993  122.592 0.119516
1.12202e+17  0.041564 0.0297834  124.091 0.116467
1.09648e+17  0.0415456 0.0295754  121.569 0.122908
1.07152e+17  0.0415277 0.029375  124.15 0.122275
1.04713e+17  0.0415103 0.0291817  122.496 0.122088
1.02329e+17  0.0414932 0.0289952  123.538 0.123468
1e+17  0.0414765 0.0288153  123.227 0.119191
9.77237e+16  0.0414603 0.0286416  122.558 0.124202
9.54993e+16  0.0414444 0.0284739  124.311 0.128643
9.33254e+16  0.0414288 0.0283119  120.662 0.125937
9.12011e+16  0.0414137 0.0281554  122.935 0.126651
8.91251e+16  0.0413989 0.0280041  123.67 0.129928
8.70964e+16  0.0413845 0.0278578  123.415 0.126384
8.51138e+16  0.0413703 0.0277162  120.488 0.130005
8.31764e+16  0.0413566 0.0275793  123.761 0.129976
8.12831e+16  0.0413431 0.0274468  122.722 0.128298
7.94328e+16  0.04133 0.0273186  121.938 0.132936
7.76247e+16  0.0413171 0.0271944  122.607 0.132068
7.58578e+16  0.0413046 0.0270741  124.306 0.135088
7.4131e+16  0.0412923 0.0269576  122.432 0.135469
7.24436e+16  0.0399321 0.0268448  120.688 0.137095
7.07946e+16  0.0382669 0.0267353  123.912 0.137329
6.91831e+16  0.0367684 0.0266293  120.433 0.137742
6.76083e+16  0.0354133 0.0265264  119.917 0.137676
6.60693e+16  0.0341822 0.0264267  123.434 0.141055
6.45654e+16  0.0330591 0.02633  117.925 0.139557
6.30957e+16  0.0320306 0.0262361  120.737 0.137403
6.16595e+16  0.0310855 0.026145  125.263 0.140236
6.0256e+16  0.0302144 0.0260567  120.307 0.144871
5.88844e+16  0.0294089 0.0259708  121.49 0.147942
5.7544e+16  0.0286623 0.0258875  120.502 0.144991
5.62341e+16  0.0279683 0.0258066  123.892 0.145882
5.49541e+16  0.0273219 0.0257281  122.696 0.148978
5.37032e+16  0.0267185 0.0256518  124.803 0.144264
5.24807e+16  0.0261539 0.0255776  123.955 0.149965
5.12861e+16  0.0256248 0.0255056  122.4 0.148855
5.01187e+16  0.0251281 0.0254355  124.291 0.152362
4.89779e+16  0.0246609 0.0253675  123.184 0.154724
4.7863e+16  0.0242208 0.0253013  124.717 0.156297
4.67735e+16  0.0238056 0.025237  123.66 0.158869
4.57088e+16  0.0234135 0.0251745  122.939 0.160952
4.46684e+16  0.0230425 0.0251137  125.063 0.158122
4.36516e+16  0.0226912 0.0250545  126.554 0.157926
4.2658e+16  0.022358 0.024997  126.167 0.159618
4.16869e+16  0.0220418 0.0249411  124.036 0.163393
4.0738e+16  0.0217413 0.0248866  125.393 0.171211
3.98107e+16  0.0214554 0.0248336  121.816 0.163859
3.89045e+16  0.0211832 0.0247821  126.283 0.164413
3.80189e+16  0.0209238 0.0247319  124.136 0.166255
3.71535e+16  0.0206764 0.0246831  124.56 0.172332
3.63078e+16  0.0204402 0.0246355  125.869 0.172091
3.54813e+16  0.0202145 0.0245892  126.757 0.172305
3.46737e+16  0.0199987 0.0245442  124.567 0.172589
3.38844e+16  0.0197923 0.0245003  125.945 0.177547
3.31131e+16  0.0195946 0.0244576  124.561 0.176282
3.23594e+16  0.0194052 0.024416  124.484 0.178824
3.16228e+16  0.0192236 0.0243754  125.624 0.185171
3.0903e+16  0.0190494 0.024336  129.249 0.18601
3.01995e+16  0.0188822 0.0242975  125.067 0.185496
2.95121e+16  0.0187216 0.02426  126.105 0.190885
2.88403e+16  0.0185673 0.0242235  123.807 0.189567
2.81838e+16  0.0184189 0.024188  128.799 0.191058
2.75423e+16  0.0182762 0.0241533  127.305 0.192004
2.69153e+16  0.0181388 0.0241196  126.456 0.191294
2.63027e+16  0.0180066 0.0240867  128.326 0.194916
2.5704e+16  0.0178792 0.0240546  125.082 0.197557
2.51189e+16  0.0177565 0.0240233  127.517 0.19668
2.45471e+16  0.0176381 0.0239929  129.102 0.202303
2.39883e+16  0.017524 0.0239632  128.531 0.206966
2.34423e+16  0.0174139 0.0239342  124.304 0.208552
2.29087e+16  0.0173076 0.023906  126.052 0.205257
2.23872e+16  0.017205 0.0238785  124.935 0.212139
2.18776e+16  0.0171058 0.0238517  131.356 0.213984
2.13796e+16  0.0170101 0.0238255  125.717 0.214489
2.0893e+16  0.0169175 0.0238  129.401 0.216493
2.04174e+16  0.0168281 0.0237751  126.397 0.220854
1.99526e+16  0.0167415 0.0219476  132.213 0.218738
1.94984e+16  0.0166578 0.0200531  133.011 0.224709
1.90546e+16  0.0165768 0.0184931  130.626 0.224866
1.86209e+16  0.0164984 0.0171865  129.115 0.232374
1.8197e+16  0.0164225 0.0160765  128.654 0.237216
1.77828e+16  0.016349 0.0151221  131.422 0.236872
1.7378e+16  0.0162778 0.0142929  130.4 0.233033
1.69824e+16  0.0159107 0.0135659  134.342 0.239802
1.65959e+16  0.0154792 0.0129236  134.682 0.247846
1.62181e+16  0.0150795 0.012352  134.667 0.241199
1.58489e+16  0.0147083 0.0118403  132.853 0.248594
1.54882e+16  0.0143629 0.0113796  130.643 0.255528
1.51356e+16  0.0140406 0.0109627  135.798 0.254979
1.47911e+16  0.0137393 0.0105839  132.772 0.262405
1.44544e+16  0.0134571 0.0102381  135.115 0.261082
1.41254e+16  0.0131924 0.00992133  136.033 0.268649
1.38038e+16  0.0129435 0.00963016  132.846 0.272787
1.34896e+16  0.0127092 0.00936168  136.941 0.26733
1.31826e+16  0.0124883 0.00911338  134.574 0.279636
1.28825e+16  0.0122797 0.00888314  142.003 0.279901
1.25893e+16  0.0120825 0.00866911  138.353 0.285717
1.23027e+16  0.0118958 0.00846969  136.477 0.295069
1.20226e+16  0.0117188 0.00828347  139.741 0.303834
1.1749e+16  0.0115509 0.00810924  139.59 0.296722
1.14815e+16  0.0113914 0.00794591  145.179 0.300139
1.12202e+16  0.0112397 0.00779253  144.551 0.308228
1.09648e+16  0.0110953 0.00764826  144.207 0.314321
1.07152e+16  0.0109578 0.00751235  141.346 0.317275
1.04713e+16  0.0108266 0.00738411  144.393 0.314575
1.02329e+16  0.0107014 0.00726295  146.439 0.326227
1e+16  0.0105819 0.00714833  145.901 0.32746
9.77237e+15  0.0104676 0.00703977  145.958 0.332159
9.54993e+15  0.0103582 0.00693681  149.831 0.332245
9.33254e+15  0.0102536 0.00683907  149.917 0.338216
9.12011e+15  0.0101533 0.00674617  149.265 0.353951
8.91251e+15  0.0100572 0.0066578  152.604 0.365318
8.70964e+15  0.00996507 0.00657364  154.701 0.3546
8.51138e+15  0.00987662 0.00649344  154.153 0.369112
8.31764e+15  0.00979169 0.00641692  156.01 0.384549
8.12831e+15  0.00971009 0.00634387  156.674 0.388654
7.94328e+15  0.00963165 0.00627408  160.962 0.381535
7.76247e+15  0.00955621 0.00620733  160.656 0.405582
7.58578e+15  0.00948363 0.00614347  163.235 0.402214
7.4131e+15  0.00941375 0.00608232  164.879 0.411639
7.24436e+15  0.00934645 0.00602372  162.965 0.431979
7.07946e+15  0.0092816 0.00596754  171.327 0.420985
6.91831e+15  0.0092191 0.00591364  167.693 0.441376
6.76083e+15  0.00915883 0.0058619  170.709 0.448286
6.60693e+15  0.00910068 0.0058122  170.875 0.448137
6.45654e+15  0.00904457 0.00576445  176.915 0.481745
6.30957e+15  0.0089904 0.00571853  175.264 0.47196
6.16595e+15  0.00893808 0.00567436  178.838 0.483325
6.0256e+15  0.00888754 0.00563185  181.745 0.502132
5.88844e+15  0.00880877 0.00559091  185.392 0.493267
5.7544e+15  0.00867916 0.00555148  192.22 0.509723
5.62341e+15  0.00855614 0.00551349  193.848 0.514946
5.49541e+15  0.00843924 0.00547685  195.317 0.533742
5.37032e+15  0.00832805 0.00544152  198.457 0.536202
5.24807e+15  0.00822219 0.00540743  204.011 0.557803
5.12861e+15  0.0081213 0.00537452  207.958 0.564221
5.01187e+15  0.00802507 0.00534275  206.974 0.59716
4.89779e+15  0.00793321 0.00531206  210.752 0.628322
4.7863e+15  0.00784545 0.00528241  221.587 0.608791
4.67735e+15  0.00776155 0.00525375  217.416 0.626013
4.57088e+15  0.00768127 0.00522605  218.94 0.665698
4.46684e+15  0.0076044 0.00519925  227.779 0.674152
4.36516e+15  0.00753076 0.00517333  235.668 0.689561
4.2658e+15  0.00746016 0.00514825  241.01 0.708698
4.16869e+15  0.00739243 0.00512397  248.358 0.743095
4.0738e+15  0.00732743 0.00510047  250.957 0.742982
3.98107e+15  0.00726499 0.00507771  260.371 0.751973
3.89045e+15  0.007205 0.00505566  264.102 0.803806
3.80189e+15  0.00714733 0.00503429  271.456 0.806201
3.71535e+15  0.00709185 0.00501359  275.225 0.836063
3.63078e+15  0.00703846 0.00499352  286.134 0.859541
3.54813e+15  0.00698705 0.00497407  310.341 0.866999
3.46737e+15  0.00694814 0.0049552  306.041 0.919855
3.38844e+15  0.00697293 0.0049369  312.061 0.947363
3.31131e+15  0.00699733 0.00491915  329.228 0.992426
3.23594e+15  0.00702133 0.00490192  334.887 1.02226
3.16228e+15  0.00704496 0.0048852  346.574 1.0662
3.0903e+15  0.00706819 0.00486898  370.634 1.0567
3.01995e+15  0.00709105 0.00485322  387.736 1.11244
2.95121e+15  0.00711353 0.00483792  396.582 1.19789
2.88403e+15  0.00713564 0.00482307  412.338 1.17489
2.81838e+15  0.00715738 0.00480864  429.803 1.24624
2.75423e+15  0.00717875 0.00479462  440.704 1.29179
2.69153e+15  0.00719975 0.004781  480.548 1.37537
2.63027e+15  0.0072204 0.00476776  485.595 1.39451
2.5704e+15  0.0072407 0.0047549  523.844 1.44461
2.51189e+15  0.00726064 0.00474239  516.797 1.48765
2.45471e+15  0.00728023 0.00473023  555.959 1.61721
2.39883e+15  0.00729948 0.00471841  600.363 1.69443
2.34423e+15  0.00731839 0.00470692  617.898 1.78645
2.29087e+15  0.00733697 0.00469574  665.13 1.76692
2.23872e+15  0.00735521 0.00468487  711.056 1.9309
2.18776e+15  0.00737313 0.00467429  730.689 2.00969
2.13796e+15  0.00739072 0.004664  787.289 2.10106
2.0893e+15  0.007408 0.00465399  879.895 2.21817
2.04174e+15  0.00742496 0.00464425  878.848 2.34954
1.99526e+15  0.00744161 0.00463477  987.874 2.40518
1.94984e+15  0.00745795 0.00462554  1011.77 2.50513
1.90546e+15  0.00747399 0.00461655  1147.34 2.62656
1.86209e+15  0.00748973 0.00460781  1263.27 2.70927
1.8197e+15  0.00750518 0.0045993  1313.27 3.01311
1.77828e+15  0.00752033 0.00459101  1418.75 3.02483
1.7378e+15  0.00755247 0.00458293  1526.48 3.41803
1.69824e+15  0.00762282 0.00457507  1790.52 3.58007
1.65959e+15  0.00769285 0.00456742  1739.09 3.66434
1.62181e+15  0.00776254 0.00455996  2003.65 3.92532
1.58489e+15  0.00783188 0.0045527  2159.19 4.0501
1.54882e+15  0.00790084 0.00454562  2361.67 4.42347
1.51356e+15  0.00796942 0.0044296  2634.99 4.71731
1.47911e+15  0.00803759 0.00424803  2742.63 4.90105
1.44544e+15  0.00810535 0.00408442  3037.47 5.71203
1.41254e+15  0.00817268 0.00393627  3400.14 6.05419
1.38038e+15  0.00823957 0.00380152  3782.21 6.44156
1.34896e+15  0.008306 0.00367846  4519.89 6.955
1.31826e+15  0.00837197 0.00356566  4747.97 7.36656
1.28825e+15  0.00843745 0.00346192  5264.95 7.9524
1.25893e+15  0.00850244 0.00336621  5839.59 8.83974
1.23027e+15  0.00856692 0.00327766  6780.15 8.56219
1.20226e+15  0.00863089 0.00319551  7180.8 10.3783
1.1749e+15  0.00869433 0.00311912  8351.38 11.253
1.14815e+15  0.00875723 0.00304791  9430.32 11.493
1.12202e+15  0.00881959 0.00298139  10946.6 13.2163
1.09648e+15  0.00893807 0.00291914  12915.5 14.5302
1.07152e+15  0.00913768 0.00286076  13445.6 14.9548
1.04713e+15  0.00934154 0.00280593  16748.7 16.7271
1.02329e+15  0.00954976 0.00275434  18365.9 17.84
1e+15  0.0097624 0.00270572  20825.9 19.1844
9.77237e+14  0.00997955 0.00265984  23604 22.4863
9.54993e+14  0.0102013 0.00261648  27674.8 24.641
9.33254e+14  0.0104277 0.00257545  31139.8 27.7404
9.12011e+14  0.0106589 0.00253659  34974.2 30.0351
8.91251e+14  0.010895 0.00249972  39902.4 33.1216
8.70964e+14  0.011136 0.00246471  47653.9 36.7367
8.51138e+14  0.0113821 0.00243144  49148 41.4396
8.31764e+14  0.0116333 0.00239978  55235.9 43.788
8.12831e+14  0.0118897 0.00236962  62709.1 52.7559
7.94328e+14  0.0121515 0.00234088  69030.1 52.8315
7.76247e+14  0.0124186 0.00231345  78537.4 62.2557
7.58578e+14  0.0126913 0.00228727  81815.1 72.6439
7.4131e+14  0.0129696 0.00226224  87446.3 77.1814
7.24436e+14  0.0132537 0.00223831  95516.5 87.5827
7.07946e+14  0.0135435 0.00221541  100645 97.5884
6.91831e+14  0.0138393 0.00219348  107237 109.665
6.76083e+14  0.0141411 0.00217246  112759 118.458
6.60693e+14  0.014449 0.00215231  116342 132.294
6.45654e+14  0.0147631 0.00213297  120446 145.268
6.30957e+14  0.0150836 0.00211441  128854 157.439
6.16595e+14  0.0154105 0.00209658  129413 174.716
6.0256e+14  0.0157439 0.00207944  136168 192.651
5.88844e+14  0.016084 0.00206296  138283 208.852
5.7544e+14  0.0164308 0.00204711  145329 228.223
5.62341e+14  0.0167846 0.00203185  149949 237.233
5.49541e+14  0.017297 0.00201715  153822 255.375
5.37032e+14  0.0179436 0.002003  155419 276.598
5.24807e+14  0.0186238 0.00198936  158761 292.63
5.12861e+14  0.0193403 0.0019762  162429 316.994
5.01187e+14  0.0200959 0.00196352  168346 314.713
4.89779e+14  0.0208935 0.00195127  170629 343.589
4.7863e+14  0.0217366 0.00193946  174219 353.307
4.67735e+14  0.022629 0.00192805  179909 362.434
4.57088e+14  0.0235748 0.00191703  180997 389.362
4.46684e+14  0.0245788 0.00190638  190533 406.797
4.36516e+14  0.025646 0.00189608  194520 415.913
4.2658e+14  0.0267825 0.00188613  195630 431.251
4.16869e+14  0.0279948 0.00187651  206689 448.592
4.0738e+14  0.0292905 0.00186719  208104 455.935
3.98107e+14  0.0306781 0.00185818  210870 463.007
3.89045e+14  0.0321672 0.00184946  215173 484.914
3.80189e+14  0.0337691 0.00184102  225511 505.688
3.71535e+14  0.0354965 0.00183284  236263 513.744
3.63078e+14  0.0373643 0.00182491  238783 520.861
3.54813e+14  0.0393898 0.00181724  240912 531.051
3.46737e+14  0.0415932 0.0018098  253152 559.135
3.38844e+14  0.0439984 0.00180259  255130 560.251
3.31131e+14  0.0466337 0.0017956  262703 570.887
3.23594e+14  0.049533 0.00178882  272449 596.601
3.16228e+14  0.0527371 0.00178224  281304 605.064
3.0903e+14  0.0562957 0.00177586  290642 631.938
3.01995e+14  0.0602701 0.00176967  294146 650.116
2.95121e+14  0.0647363 0.00176366  299916 663.443
2.88403e+14  0.0697903 0.00175782  311895 677.148
2.81838e+14  0.0755546 0.00175216  324046 694.002
2.75423e+14  0.0821884 0.00174666  332974 717.594
2.69153e+14  0.0899023 0.00174132  339995 756.703
2.63027e+14  0.0989808 0.00173613  352224 756.677
2.5704e+14  0.106631 0.00173109  360918 781.447
2.51189e+14  0.110899 0.0017262  371857 782.687
2.45471e+14  0.115414 0.00172144  381029 820.407
2.39883e+14  0.120195 0.00171681  401011 833.509
2.34423e+14  0.125267 0.00171232  419099 845.285
2.29087e+14  0.130655 0.00170795  419508 887.21
2.23872e+14  0.136387 0.0017037  444578 903.877
2.18776e+14  0.142497 0.00169957  445586 932.157
2.13796e+14  0.14902 0.00169555  467693 956.438
2.0893e+14  0.155999 0.00169164  470118 960.711
2.04174e+14  0.163482 0.00168783  485742 1008.53
1.99526e+14  0.171521 0.00168413  510093 1031.03
1.94984e+14  0.18018 0.00168053  540111 1058.96
1.90546e+14  0.18953 0.00167703  546184 1069.56
1.86209e+14  0.199655 0.00167362  567337 1114.9
1.8197e+14  0.210652 0.0016703  577905 1152.65
1.77828e+14  0.222636 0.00166707  597961 1181.41
1.7378e+14  0.235742 0.00166393  615894 1200.93
1.69824e+14  0.250131 0.00166087  636710 1228.94
1.65959e+14  0.265998 0.00165788  660908 1238.27
1.62181e+14  0.283577 0.00165498  677995 1287.96
1.58489e+14  0.303155 0.00165215  709711 1334.87
1.54882e+14  0.325088 0.0016494  731799 1390.6
1.51356e+14  0.349821 0.00164672  743574 1400.79
1.47911e+14  0.37792 0.00164411  764503 1458.33
1.44544e+14  0.410111 0.00163525  785236 1500.96
1.41254e+14  0.447349 0.00161521  820686 1531.71
1.38038e+14  0.490909 0.00159609  851204 1581.5
1.34896e+14  0.542534 0.00157784  853834 1620.43
1.31826e+14  0.604676 0.00156041  888580 1648.31
1.28825e+14  0.68089 0.00154374  908923 1699.52
1.25893e+14  0.776539 0.00152779  931632 1750.93
1.23027e+14  0.900102 0.00151252  979036 1777.77
1.20226e+14  1.06584 0.00149788  996250 1819.2
1.1749e+14  1.29971 0.00148386  1.03391e+06 1892.39
1.14815e+14  1.65448 0.0014704  1.03908e+06 1904.08
1.12202e+14  2.25635 0.00145748  1.06831e+06 1979.05
1.09648e+14  2.33802 0.00144508  1.09375e+06 2059.33
1.07152e+14  2.40038 0.00143315  1.12803e+06 2058.26
1.04713e+14  2.46461 0.00142169  1.14179e+06 2084.27
1.02329e+14  2.5308 0.00141067  1.15123e+06 2210.28
1e+14  2.599 0.00140006  1.19091e+06 2209.64
9.77237e+13  2.6693 0.00138984  1.2223e+06 2287.75
9.54993e+13  2.74177 0.00138  1.2554e+06 2322.29
9.33254e+13  2.8165 0.00137052  1.28838e+06 2400.53
9.12011e+13  2.89358 0.00136138  1.31011e+06 2438.55
8.91251e+13  2.97308 0.00135257  1.35069e+06 2523.84
8.70964e+13  3.05511 0.00134406  1.36966e+06 2562.82
8.51138e+13  3.13977 0.00133585  1.42824e+06 2617.76
8.31764e+13  3.22716 0.00132792  1.414e+06 2651.17
8.12831e+13  3.3174 0.00132027  1.46339e+06 2710.5
7.94328e+13  3.41059 0.00131287  1.43774e+06 2783.48
7.76247e+13  3.50686 0.00130572  1.51392e+06 2825.89
7.58578e+13  3.60634 0.00129881  1.56611e+06 2925.19
7.4131e+13  3.70916 0.00129213  1.57836e+06 2933.52
7.24436e+13  3.81547 0.00128567  1.57719e+06 3094.94
7.07946e+13  3.92542 0.00127941  1.62727e+06 3083.96
6.91831e+13  4.03916 0.00127335  1.70193e+06 3182.77
6.76083e+13  4.15687 0.00126749  1.67664e+06 3203.33
6.60693e+13  4.27872 0.00126182  1.68063e+06 3309.7
6.45654e+13  4.4049 0.00125632  1.76303e+06 3335.77
6.30957e+13  4.53562 0.00125099  1.0058e+08 3368.75
6.16595e+13  4.67107 0.00124583  1.84522e+06 3486.35
6.0256e+13  4.8115 0.00124083  1.81703e+06 3547.34
5.88844e+13  4.95713 0.00123597  1.90246e+06 3644.39
5.7544e+13  5.10823 0.00123127  1.89961e+06 3672.09
5.62341e+13  5.26505 0.00122671  1.9906e+06 3756.08
5.49541e+13  5.4279 0.00122228  1.90792e+06 3860.51
5.37032e+13  5.59708 0.00121799  2.0745e+06 3974.5
5.24807e+13  5.77291 0.00121382  2.04645e+06 4011.05
5.12861e+13  5.95576 0.00120977  2.08109e+06 4111.92
5.01187e+13  6.14599 0.00120584  2.06579e+06 4136.13
4.89779e+13  6.34401 0.00120203  2.15813e+06 4247.93
4.7863e+13  6.55024 0.00119833  2.32476e+06 4368.3
4.67735e+13  6.76517 0.00119473  2.18609e+06 4369.02
4.57088e+13  6.98928 0.00119124  2.39017e+06 4517.38
4.46684e+13  7.22311 0.00118784  5.54635e+07 4596.08
4.36516e+13  7.46725 0.00118454  2.28816e+06 4790.95
4.2658e+13  7.72232 0.00118133  4.09392e+07 4767.02
4.16869e+13  7.989 0.00117822  2.38672e+06 4989.98
4.0738e+13  8.26802 0.00117519  2.39125e+06 4984.49
3.98107e+13  8.56019 0.00117224  2.56724e+06 5098.42
3.89045e+13  8.86637 0.00116938  2.54198e+06 5212.51
3.80189e+13  9.18751 0.00116659  2.81557e+06 5237.21
3.71535e+13  9.52464 0.00116388  2.61707e+06 5333.92
3.63078e+13  9.87888 0.00116124  2.43004e+07 5484.69
3.54813e+13  10.2515 0.00115868  2.93706e+06 5612.64
3.46737e+13  10.6438 0.00115618  2.97068e+06 5767.13
3.38844e+13  11.0573 0.00115376  3.08892e+06 5800.52
3.31131e+13  11.4937 0.00115139  2.40703e+06 5943.73
3.23594e+13  11.7948 0.00114909  3.78896e+06 6047.74
3.16228e+13  12.0931 0.00114685  3.335e+06 6162.73
3.0903e+13  12.3995 0.00114467  3.1252e+06 6357.05
3.01995e+13  12.7143 0.00114255  3.3349e+06 6429.02
2.95121e+13  13.0378 0.00114049  3.61783e+06 6612.26
2.88403e+13  13.3702 0.00113848  1.48542e+07 6804.74
2.81838e+13  13.7119 0.00113652  6.93996e+07 6877.58
2.75423e+13  14.063 0.00113461  6.96395e+06 6910.48
2.69153e+13  14.4241 0.00113275  3.58679e+06 7107.5
2.63027e+13  14.7952 0.00113094  1.43794e+07 7224.8
2.5704e+13  15.1769 0.00112918  1.08557e+08 7385.78
2.51189e+13  15.5693 0.00112746  4.96037e+06 7594.7
2.45471e+13  15.973 0.00112579  8.16285e+06 7667.17
2.39883e+13  16.3882 0.00112415  5.56922e+07 7929.22
2.34423e+13  16.8154 0.00112263  1.1184e+07 8029.09
2.29087e+13  17.2549 0.00112129  6.59259e+06 8188.63
2.23872e+13  17.7072 0.00111998  3.39049e+06 8616.76
2.18776e+13  18.1727 0.00111871  6.62205e+06 8486.36
2.13796e+13  18.6519 0.00111747  7.71419e+06 8815.52
2.0893e+13  19.1452 0.00111626  4.32245e+06 8951.62
2.04174e+13  19.6532 0.00111508  6.26268e+06 9094.28
1.99526e+13  20.1764 0.00111393  4.00752e+06 9344.38
1.94984e+13  20.7152 0.00111281  1.79381e+07 9471.14
1.90546e+13  21.2704 0.00111172  6.24826e+06 9583.57
1.86209e+13  21.8425 0.00111065  2.28487e+07 9855.53
1.8197e+13  22.432 0.00110961  8.90662e+06 10210.3
1.77828e+13  23.0397 0.00110859  4.95707e+06 10334.3
1.7378e+13  23.6663 0.0011076  1.43655e+07 10757.5
1.69824e+13  24.3124 0.00110664  2.5552e+06 10650.7
1.65959e+13  24.9789 0.00110569  3.04446e+06 11008.1
1.62181e+13  25.6664 0.00110478  6.12281e+06 11213.2
1.58489e+13  26.3759 0.00110388  4.75351e+06 11457
1.54882e+13  27.1081 0.001103  4.0027e+06 11617.4
1.51356e+13  27.8641 0.00110215  4.80906e+07 11945.4
1.47911e+13  28.6447 0.00110132  1.58734e+07 12180
1.44544e+13  29.4511 0.0011005  2.27792e+06 12512.7
1.41254e+13  30.2841 0.00109971  6.56319e+06 12839.1
1.38038e+13  31.145 0.00109894  8.68138e+06 12859.4
1.34896e+13  32.035 0.00109818  5.68153e+06 13155.8
1.31826e+13  32.9552 0.00109744  8.36345e+06 13545.6
1.28825e+13  33.9071 0.00109672  1.03578e+07 14254.1
1.25893e+13  34.892 0.00109602  3.23798e+06 14167.3
1.23027e+13  35.9113 0.00109534  7.96973e+06 14392.6
1.20226e+13  36.9666 0.00109467  3.50012e+06 14794.9
1.1749e+13  38.0597 0.00109401  2.28181e+06 15182.9
1.14815e+13  39.1921 0.00109338  1.60607e+07 15409.6
1.12202e+13  40.3659 0.00109275  6.01483e+06 15716.6
1.09648e+13  41.5829 0.00109215  4.81486e+06 16214.5
1.07152e+13  42.8452 0.00109155  1.26151e+07 16515.5
1.04713e+13  44.0109 0.00109098  9.76667e+06 16839.9
1.02329e+13  44.6552 0.00109041  1.423e+07 17164.9
1e+13  45.3033 0.00108986  4.08818e+06 17741.9
9.77237e+12  45.9551 0.00108932  1.03513e+07 17856.7
9.54993e+12  46.6104 0.00108879  1.44755e+07 18203.7
9.33254e+12  47.2692 0.00108828  7.73418e+06 18976.2
9.12011e+12  47.9311 0.00108778  8.92665e+06 19152.5
8.91251e+12  48.5962 0.00108729  2.68514e+07 19550.6
8.70964e+12  49.2642 0.00108681  8.11609e+06 20283.6
8.51138e+12  49.935 0.00108635  5.73426e+06 20697.2
8.31764e+12  50.6084 0.00108589  6.43413e+06 20949.3
8.12831e+12  51.2843 0.00108545  5.87588e+06 21664
7.94328e+12  51.9624 0.00108501  3.91258e+07 21595.7
7.76247e+12  52.6427 0.00108459  1.36686e+07 22045.9
7.58578e+12  53.3249 0.00108418  1.03596e+07 22556.6
7.4131e+12  54.0089 0.00108377  9.48343e+06 22660.4
7.24436e+12  54.6945 0.00108338  1.56102e+07 24361
7.07946e+12  55.3815 0.00108299  1.79386e+07 24877.5
6.91831e+12  56.0697 0.00108261  3.05155e+07 24584.1
6.76083e+12  56.759 0.00108225  8.71857e+06 26035.1
6.60693e+12  57.4492 0.00108189  3.34405e+06 26636.1
6.45654e+12  58.1401 0.00108154  4.28577e+06 26341.6
6.30957e+12  58.8315 0.00108119  4.3743e+07 28563.2
6.16595e+12  59.5233 0.00108086  4.51575e+07 29456
6.0256e+12  60.2152 0.00108053  1.92098e+07 28643.6
5.88844e+12  60.907 0.00108021  1.09207e+07 28666.5
5.7544e+12  61.5987 0.0010799  4.83296e+07 30230.7
5.62341e+12  62.2899 0.0010796  1.69555e+07 29176.4
5.49541e+12  62.9806 0.0010793  4.54235e+06 29188.7
5.37032e+12  63.6705 0.00107901  2.96599e+08 33413.1
5.24807e+12  64.3595 0.00107873  1.95392e+07 33681.7
5.12861e+12  65.0473 0.00107777  8.42642e+06 34272.2
5.01187e+12  65.7339 0.00107602  5.8376e+08 33782.5
4.89779e+12  66.419 0.00107431  1.31958e+07 37754.8
4.7863e+12  67.1024 0.00107265  2.97192e+07 41412.1
4.67735e+12  67.7839 0.00107103  7.22218e+06 38694.3
4.57088e+12  68.4635 0.00106946  3.45919e+07 39797.6
4.46684e+12  69.1409 0.00106792  2.30498e+07 35343.4
4.36516e+12  69.816 0.00106642  9.5237e+07 35875.7
4.2658e+12  70.4885 0.00106496  8.31702e+07 39942.7
4.16869e+12  71.1584 0.00106354  8.23721e+06 59367.2
4.0738e+12  71.8254 0.00106216  9.83633e+06 1.05515e+06
3.98107e+12  72.4895 0.00106081  8.11163e+06 43775.1
3.89045e+12  73.1504 0.00105949  2.68877e+07 43615.8
3.80189e+12  73.808 0.00105821  1.54721e+07 46605
3.71535e+12  74.4622 0.00105695  1.15217e+07 54263.1
3.63078e+12  75.1127 0.00105573  5.76145e+07 60970.4
3.54813e+12  75.7596 0.00105454  2.50757e+07 53334.4
3.46737e+12  76.4026 0.00105338  1.09759e+07 57486.7
3.38844e+12  77.0415 0.00105225  9.23974e+07 42570.7
3.31131e+12  78.1778 0.00105115  2.04846e+07 315409
3.23594e+12  79.8676 0.00105008  2.76538e+10 64263.8
3.16228e+12  81.591 0.00104903  2.72174e+07 82833.9
3.0903e+12  83.3486 0.001048  4.81193e+07 196668
3.01995e+12  85.1409 0.00104701  1.8414e+07 330806
2.95121e+12  86.9685 0.00104603  1.65063e+07 96803.7
2.88403e+12  88.8318 0.00104508  4.62207e+07 92236.1
2.81838e+12  90.7316 0.00104416  2.14472e+07 117635
2.75423e+12  92.6683 0.00104325  7.70433e+07 42022.7
2.69153e+12  94.6425 0.00104237  4.07962e+08 70057.2
2.63027e+12  96.6548 0.00104151  6.08358e+07 98017.8
2.5704e+12  98.7057 0.00104067  1.02205e+07 103464
2.51189e+12  100.796 0.00103986  4.3506e+07 202316
2.45471e+12  102.926 0.00103906  9.00689e+07 339720
2.39883e+12  105.096 0.00103828  4.37066e+07 212047
2.34423e+12  107.307 0.00103752  1.85656e+07 4.03919e+07
2.29087e+12  109.559 0.00103678  5.56175e+07 105462
2.23872e+12  111.853 0.00103605  2.49851e+08 55872.9
2.18776e+12  114.19 0.00103534  3.70682e+08 214990
2.13796e+12  116.571 0.00103465  5.77699e+07 61051.9
2.0893e+12  118.994 0.00103398  6.3882e+07 186799
2.04174e+12  121.462 0.00103332  1.05378e+09 0
1.99526e+12  123.975 0.00103268  1.01608e+09 300471
1.94984e+12  127.129 0.00103206  2.43877e+08 3.81332e+06
1.90546e+12  131.975 0.00103145  8.09018e+07 64280
1.86209e+12  137.082 0.00103085  5.47262e+08 1.23621e+06
1.8197e+12  142.469 0.00103027  5.7836e+07 590292
1.77828e+12  148.159 0.0010297  1.13061e+08 73972.1
1.7378e+12  154.176 0.00102915  1.76821e+07 1.37052e+07
1.69824e+12  160.548 0.00102861  5.25137e+07 49037.6
1.65959e+12  167.306 0.00102808  7.46338e+07 1.28279e+06
1.62181e+12  174.483 0.00102756  3.18251e+07 2.59317e+06
1.58489e+12  182.117 0.00102706  7.71118e+07 629526
1.54882e+12  190.251 0.00102657  1.2467e+08 1.96891e+08
1.51356e+12  198.935 0.00102609  7.03942e+07 3.2508e+06
1.47911e+12  208.223 0.00102562  4.79265e+08 366036
1.44544e+12  218.177 0.00102516  2.83749e+08 299188
1.41254e+12  228.869 0.00102471  5.71251e+07 93207.4
1.38038e+12  240.38 0.00102428  3.10874e+08 144012
1.34896e+12  252.807 0.00102385  5.48172e+07 190329
1.31826e+12  266.258 0.00102343  3.47157e+07 88803.8
1.28825e+12  280.861 0.00102303  1.5087e+08 255795
1.25893e+12  296.768 0.00102263  8.61647e+07 619760
1.23027e+12  314.155 0.00102224  6.32371e+08 966556
1.20226e+12  333.234 0.00102187  1.4846e+09 239160
1.1749e+12  354.258 0.0010215  6.99352e+07 225754
1.14815e+12  376.581 0.00102114  1.12002e+08 470275
1.12202e+12  388.927 0.00102078  6.17097e+07 314406
1.09648e+12  401.799 0.00102044  2.14904e+08 362862
1.07152e+12  415.229 0.0010201  7.96898e+07 1.01658e+06
1.04713e+12  429.25 0.00101978  7.22202e+08 0
1.02329e+12  443.898 0.00101946  1.28104e+08 220549
